0 0 0 0 0 0 0 0
0774 01502 0 0 0 0 0 0
0774 01502 0 0 0 0 0 0
0774 01502 0 0 0 0 0 0
0774 01502 0 0 0 0 0 0
0774 01502 0777 0777 0778 0778 0779 0777
0769 01502 0955 0777 0778 0778 0779 0777
0769 01502 0955 0777 0778 0778 0779 0777
0769 01502 0955 0777 0778 0778 0779 0777
0769 01502 01210 0777 0778 0778 0779 0777
0769 01502 01220 0777 0778 0778 0779 0777
0769 01502 01221 0777 0778 0778 0779 0777
0769 01502 01390 0777 0778 0778 0779 0777
0769 01502 01390 0777 0778 0778 0779 0777
0769 01502 01949 0777 0778 0778 0779 0777
0769 01502 02270 0777 0778 0778 0779 0777
0769 0779 03921 0777 0778 0778 0779 0777
0769 0779 03890 0777 0778 0778 0779 0777
0769 0779 03890 0777 0778 0778 0779 0777
0769 0779 04027 0777 0778 0778 0779 0777
0380 017 04029 0530 0778 0778 0779 0777
0380 017 04029 01678 0778 0778 0779 0777
0380 017 04029 01876 0778 0778 0779 0777
0380 017 04029 02097 0778 0778 0779 0777
0380 017 04029 02974 0778 0778 0779 0777
0380 017 04030 04131 06 06 07 05
0380 017 04030 04134 06 06 07 05
0380 017 04030 04943 06 06 07 05
0380 017 04034 05563 06 06 07 05
0380 017 04034 07053 06 06 07 05
0380 017 04034 07220 06 06 07 05
0380 0171 04034 07434 06 06 07 05
0380 0171 04172 07501 06 06 07 05
0380 0171 04176 07503 02822 06 07 05
0380 0171 04176 07503 03683 06 07 05
0380 0171 04176 07503 05581 06 07 05
0380 0171 04176 07503 06690 06 07 05
